{
    "_versionMajor": 0,
    "_versionMinor": 3,
    "boundsCenter": {
        "x": 0.09757363796234131,
        "y": -0.8434698581695557,
        "z": -0.0020477771759033203
    },
    "boundsSize": {
        "x": 3.1865768432617188,
        "y": 4.192206859588623,
        "z": 3.3567376136779785
    },
    "format": "perpixel",
    "numAngles": 5,
    "perspectives": [
        {
            "clipEpsilon": 0.002646622247993946,
            "crop": {
                "w": 1.0,
                "x": 0.0,
                "y": 0.0,
                "z": 1.0
            },
            "depthFocalLength": {
                "x": 504.2174072265625,
                "y": 504.3814697265625
            },
            "depthImageSize": {
                "x": 750.6708984375,
                "y": 589.7637939453125
            },
            "depthPrincipalPoint": {
                "x": 387.9791564941406,
                "y": 369.8590393066406
            },
            "extrinsics": {
                "e00": 0.4323194921016693,
                "e01": -0.10000775754451752,
                "e02": -0.8961575031280518,
                "e03": -1.2286090850830078,
                "e10": -0.9007862210273743,
                "e11": -0.09312723577022552,
                "e12": -0.42415979504585266,
                "e13": -1.5591769218444824,
                "e20": -0.04103740304708481,
                "e21": 0.990618884563446,
                "e22": -0.13034632802009583,
                "e23": 0.05968622863292694,
                "e30": 0.0,
                "e31": 0.0,
                "e32": 0.0,
                "e33": 1.0
            },
            "farClip": 2.146148204803467,
            "nearClip": 0.256947785615921
        },
        {
            "clipEpsilon": 0.002255675382912159,
            "crop": {
                "w": 1.0,
                "x": 0.0,
                "y": 0.0,
                "z": 1.0
            },
            "depthFocalLength": {
                "x": 503.7235107421875,
                "y": 503.748779296875
            },
            "depthImageSize": {
                "x": 750.2020263671875,
                "y": 589.7617797851563
            },
            "depthPrincipalPoint": {
                "x": 382.4834899902344,
                "y": 368.2213134765625
            },
            "extrinsics": {
                "e00": -0.30388209223747253,
                "e01": -0.784972071647644,
                "e02": 0.5398837924003601,
                "e03": 0.7863028049468994,
                "e10": -0.8623201847076416,
                "e11": -0.01429948303848505,
                "e12": -0.5061614513397217,
                "e13": -1.8653104305267334,
                "e20": 0.4050426781177521,
                "e21": -0.6193661093711853,
                "e22": -0.6725519299507141,
                "e23": -1.1612876653671265,
                "e30": 0.0,
                "e31": 0.0,
                "e32": 0.0,
                "e33": 1.0
            },
            "farClip": 2.53505277633667,
            "nearClip": 0.31842178106307983
        },
        {
            "clipEpsilon": 0.0024089140351861715,
            "crop": {
                "w": 1.0,
                "x": 0.0,
                "y": 0.0,
                "z": 1.0
            },
            "depthFocalLength": {
                "x": 504.2718200683594,
                "y": 504.2299499511719
            },
            "depthImageSize": {
                "x": 750.536865234375,
                "y": 586.684814453125
            },
            "depthPrincipalPoint": {
                "x": 363.3337707519531,
                "y": 355.4010925292969
            },
            "extrinsics": {
                "e00": 0.2770613133907318,
                "e01": -0.7908320426940918,
                "e02": -0.545730471611023,
                "e03": -0.9868671894073486,
                "e10": -0.9442075490951538,
                "e11": -0.11882727593183517,
                "e12": -0.30716806650161743,
                "e13": -1.322758674621582,
                "e20": 0.17807066440582275,
                "e21": 0.6003872156143188,
                "e22": -0.7796319723129272,
                "e23": -1.2433090209960938,
                "e30": 0.0,
                "e31": 0.0,
                "e32": 0.0,
                "e33": 1.0
            },
            "farClip": 2.413027048110962,
            "nearClip": 0.33740293979644775
        },
        {
            "clipEpsilon": 0.0031338001135736704,
            "crop": {
                "w": 1.0,
                "x": 0.0,
                "y": 0.0,
                "z": 1.0
            },
            "depthFocalLength": {
                "x": 503.9441833496094,
                "y": 504.0108337402344
            },
            "depthImageSize": {
                "x": 751.0338745117188,
                "y": 587.0025634765625
            },
            "depthPrincipalPoint": {
                "x": 385.0337219238281,
                "y": 357.53643798828125
            },
            "extrinsics": {
                "e00": -0.24369791150093079,
                "e01": 0.9456720948219299,
                "e02": 0.21521060168743134,
                "e03": 0.8254425525665283,
                "e10": -0.8271096348762512,
                "e11": -0.08677218854427338,
                "e12": -0.5553019046783447,
                "e13": -1.9028170108795166,
                "e20": -0.5064592361450195,
                "e21": -0.31332868337631226,
                "e22": 0.8033207058906555,
                "e23": 1.2987771034240723,
                "e30": 0.0,
                "e31": 0.0,
                "e32": 0.0,
                "e33": 1.0
            },
            "farClip": 2.6333348751068115,
            "nearClip": 1.037827968597412
        },
        {
            "clipEpsilon": 0.00461400905624032,
            "crop": {
                "w": 1.0,
                "x": 0.0,
                "y": 0.0,
                "z": 1.0
            },
            "depthFocalLength": {
                "x": 503.17486572265625,
                "y": 503.37518310546875
            },
            "depthImageSize": {
                "x": 751.6234130859375,
                "y": 588.5377197265625
            },
            "depthPrincipalPoint": {
                "x": 379.1241149902344,
                "y": 358.85296630859375
            },
            "extrinsics": {
                "e00": 0.09144517779350281,
                "e01": 0.6362967491149902,
                "e02": -0.7660053968429565,
                "e03": -1.2328813076019287,
                "e10": -0.9901465773582458,
                "e11": -0.023824388161301613,
                "e12": -0.13799317181110382,
                "e13": -1.4621987342834473,
                "e20": -0.10605420917272568,
                "e21": 0.7710764408111572,
                "e22": 0.6278484463691711,
                "e23": 1.3860365152359009,
                "e30": 0.0,
                "e31": 0.0,
                "e32": 0.0,
                "e33": 1.0
            },
            "farClip": 2.4957611560821533,
            "nearClip": 1.412104845046997
        }
    ],
    "textureHeight": 1184,
    "textureWidth": 3760
}
